84
5
26
91
43
55
51
96
11
64
66
39
56
51
79
60
30
80
40
70
73
11
91
78
8
66
73
26
23
13
41
7
18
34
64
27
55
15
90
66
79
55
5
0
72
50
27
2
30
67
38
69
78
28
46
86
94
85
78
17
64
86
24
49
19
54
76
74
69
31
40
14
52
11
81
91
27
7
93
23
75
30
92
52
25
3
4
18
89
82
1
52
33
92
67
52
46
43
93
81
40
99
95
93
76
76
49
2
83
7
26
57
3
84
76
28
88
80
47
76
27
48
94
61
6
61
79
52
70
71
32
9
35
27
68
10
69
16
80
17
23
72
75
27
55
50
21
42
96
68
17
22
83
78
83
89
38
62
6
74
99
38
49
34
31
17
10
66
100
56
84
90
27
24
83
83
74
3
91
69
38
8
91
87
52
40
41
56
1
47
29
66
51
78
66
49
61
77
14
27
99
98
16
26
21
65
75
61
68
65
96
5
39
53
92
91
93
99
46
60
45
41
25
97
19
92
45
46
34
25
73
32
23
55
24
10
19
99
38
54
30
33
59
69
52
17
26
44
15
38
70
27
80
96
90
65
53
0
10
87
25
50
85
14
71
9
25
91
74
29
44
3
62
69
73
14
52
99
24
34
36
95
61
82
56
16
46
8
16
23
61
7
73
45
22
43
20
13
100
95
42
9
98
70
79
70
84
97
34
75
30
37
69
91
18
91
73
65
99
89
88
25
97
26
70
85
35
57
98
1
51
5
10
48
75
55
85
25
52
85
100
82
21
34
39
40
24
11
71
89
67
24
13
63
50
49
47
51
5
10
18
56
82
29
71
56
50
55
47
1
39
46
50
27
80
89
67
3
66
37
92
32
61
71
61
77
20
74
94
25
50
12
48
31
7
18
88
23
73
34
25
78
47
41
4
26
96
37
97
61
74
54
60
0
25
20
77
11
95
37
36
10
49
84
42
22
68
96
45
6
96
36
85
42
77
55
35
72
93
98
100
32
51
59
33
42
45
76
19
5
12
56
16
61
5
58
49
40
19
95
46
14
97
97
57
74
52
58
11
10
55
10
42
72
35
41
14
47
17
100
18
29
21
34
57
27
58
5
33
77
66
79
92
63
76
14
2
27
72
13
3
26
91
45
64
25
87
44
38
70
44
57
99
65
57
21
58
15
27
91
58
59
70
49
21
45
29
23
38
0
3
41
93
94
52
57
85
4
0
23
74
44
46
39
9
2
60
67
17
53
24
76
12
94
91
100
4
20
90
42
87
93
49
46
86
67
2
70
72
69
59
11
80
4
50
55
7
77
88
91
29
11
66
41
4
57
41
8
43
30
16
29
89
31
75
74
99
43
9
70
79
35
47
58
39
64
12
12
40
100
3
69
78
69
10
82
92
17
57
0
13
39
97
1
71
37
41
69
81
16
4
25
51
51
83
91
14
61
69
54
26
72
90
3
7
100
52
99
83
8
66
62
47
62
29
17
99
36
52
45
52
56
36
3
74
18
60
54
45
28
75
72
0
64
75
7
29
26
72
78
0
3
39
48
65
34
31
30
70
50
41
21
72
78
91
11
62
50
66
7
45
6
79
11
36
53
85
65
46
22
8
46
26
13
60
57
47
58
87
16
7
28
3
79
72
95
91
33
10
22
40
21
28
18
32
64
38
83
95
50
5
2
62
31
82
22
88
28
80
41
10
53
35
13
98
6
74
88
39
85
76
80
5
70
64
4
100
68
87
94
17
92
62
80
89
43
68
43
37
13
50
47
66
85
27
63
57
67
17
96
17
59
41
23
29
72
94
28
39
80
89
23
38
16
69
93
26
36
1
63
49
51
77
81
1
70
9
58
36
26
20
54
52
27
43
81
65
2
75
4
48
63
94
52
46
62
45
72
98
12
0
12
64
43
93
31
79
1
90
82
95
76
1
46
69
44
93
34
12
67
4
60
97
98
12
42
25
23
80
22
35
80
0
65
90
93
97
68
60
52
49
54
94
50
100
62
60
92
96
38
25
100
99
21
63
10
29
88
100
8
76
34
88
76
66
43
34
28
78
95
46
26
14
39
43
81
67
69
38
63
7
63
28
72
84
92
82
12
45
47
87
21
47
41
63
12
84
64
40
61
24
52
54
38
91
63
18
24
31
57
87
4
86
81
76
70
38
23
48
84
70
1
71
17
42
100
96
25
29
2
87
53
54
6
92
11
69
9
35
66
32
88
71
18
68
12
54
73
36
68
22
72
69
59
55
10
58
17
2
88
